{
  "advancedEditorSelectedIdentifier" : "ProjectBrowser",
  "openSceneRelativePaths" : [
    "Cafe-2.usdc"
  ],
  "recentIdentifiers" : {
    "057E61D9-E52C-4137-A369-C5643ED4D73B" : [

    ],
    "55B14C5C-A729-4B50-A004-54E17F799D94" : [

    ],
    "D5A3E94F-8D1D-482A-926B-6116172D7167" : [

    ]
  },
  "sceneCameraHistory" : {
    "057E61D9-E52C-4137-A369-C5643ED4D73B" : [
      {
        "date" : 767223754.642194,
        "title" : "Untitled",
        "transform" : [
          0.99915564,
          -1.1591664e-10,
          -0.04108544,
          0,
          -0.002376575,
          0.9983256,
          -0.05779586,
          0,
          0.041016646,
          0.057844702,
          0.9974826,
          0,
          0.26036263,
          1.8413315,
          6.3317046,
          1
        ]
      },
      {
        "date" : 767223242.936107,
        "title" : "Untitled",
        "transform" : [
          0.9693622,
          -7.185008e-10,
          -0.24563599,
          0,
          -0.022803297,
          0.99568164,
          -0.089989476,
          0,
          0.24457525,
          0.092833705,
          0.96517617,
          0,
          2.0400996,
          2.1069107,
          5.535289,
          1
        ]
      },
      {
        "date" : 767223199.955181,
        "title" : "Untitled",
        "transform" : [
          0.99233407,
          -2.1710311e-10,
          -0.1235846,
          0,
          -0.0053831255,
          0.9990509,
          -0.04322431,
          0,
          0.12346731,
          0.043558225,
          0.99139225,
          0,
          0.88257384,
          1.9081345,
          2.0867085,
          1
        ]
      },
      {
        "date" : 767223095.858223,
        "title" : "Untitled",
        "transform" : [
          0.9999925,
          5.6711424e-12,
          0.003899453,
          0,
          0.00010945276,
          0.999606,
          -0.028068539,
          0,
          -0.0038979205,
          0.028068753,
          0.99959844,
          0,
          9.341891,
          -10.437968,
          2.2094955,
          1
        ]
      },
      {
        "date" : 767218486.891292,
        "title" : "Untitled",
        "transform" : [
          0.99998343,
          3.423508e-12,
          -0.0057644043,
          0,
          0.00010982497,
          0.99981844,
          0.01905195,
          0,
          0.0057633542,
          -0.019052269,
          0.9998019,
          0,
          0.1260376,
          1.1823759,
          1.8932495,
          1
        ]
      },
      {
        "date" : 767218482.92939,
        "title" : "Untitled",
        "transform" : [
          0.9972817,
          -3.5297876e-12,
          -0.07368398,
          0,
          0.00011002597,
          0.99999887,
          0.0014891552,
          0,
          0.073683895,
          -0.0014932144,
          0.99728054,
          0,
          1.6473055,
          1.5671597,
          2.664503,
          1
        ]
      },
      {
        "date" : 767218378.903584,
        "title" : "Untitled",
        "transform" : [
          0.9103893,
          5.6403104e-10,
          0.41375262,
          0,
          0.26623628,
          0.7654736,
          -0.5858057,
          0,
          -0.31671682,
          0.6434673,
          0.69687897,
          0,
          -11.332794,
          71.58806,
          70.0991,
          1
        ]
      },
      {
        "date" : 767218374.624833,
        "title" : "Untitled",
        "transform" : [
          0.99874175,
          -1.769387e-10,
          0.05015077,
          0,
          0.035684306,
          0.70264506,
          -0.71064514,
          0,
          -0.035238255,
          0.7115405,
          0.70176095,
          0,
          9.408237,
          76.531845,
          69.22412,
          1
        ]
      },
      {
        "date" : 767218366.643418,
        "title" : "Untitled",
        "transform" : [
          0.9981491,
          -2.0658775e-10,
          0.06081542,
          0,
          0.044185136,
          0.68711895,
          -0.72520006,
          0,
          -0.041787498,
          0.726545,
          0.68584716,
          0,
          8.480991,
          78.507774,
          68.29413,
          1
        ]
      },
      {
        "date" : 767218355.658307,
        "title" : "Untitled",
        "transform" : [
          0.9867515,
          -2.7488556e-09,
          -0.16223927,
          0,
          -0.054331604,
          0.9422587,
          -0.33044896,
          0,
          0.1528713,
          0.33488575,
          0.9297752,
          0,
          24.560028,
          15.497365,
          44.8044,
          1
        ]
      }
    ],
    "440E10E0-9802-4FF6-B89A-E7D7AF0BF3FD" : [
      {
        "date" : 765816640.685835,
        "title" : "Untitled",
        "transform" : [
          -0.09725758,
          -1.2040073e-08,
          0.9952592,
          0,
          0.73857975,
          0.67029166,
          0.07217466,
          0,
          -0.66711384,
          0.74209774,
          -0.065190956,
          0,
          -155.22482,
          164.68903,
          8.542614,
          1
        ]
      },
      {
        "date" : 765816624.269134,
        "title" : "Untitled",
        "transform" : [
          0.020671334,
          -1.22056365e-08,
          0.9997863,
          0,
          0.6385393,
          0.769476,
          -0.0132022705,
          0,
          -0.76931155,
          0.6386757,
          0.015906088,
          0,
          -147.51204,
          116.5129,
          25.912582,
          1
        ]
      },
      {
        "date" : 765816613.266481,
        "title" : "Untitled",
        "transform" : [
          -0.030693969,
          -1.1033621e-09,
          0.99952877,
          0,
          0.7362912,
          0.6762869,
          0.02261036,
          0,
          -0.67596817,
          0.7366384,
          -0.020757936,
          0,
          -184.92924,
          201.53256,
          -5.683717,
          1
        ]
      },
      {
        "date" : 765816565.839534,
        "title" : "Untitled",
        "transform" : [
          0.26637298,
          -1.1722134e-09,
          0.96387,
          0,
          0.6563929,
          0.732286,
          -0.18139929,
          0,
          -0.7058284,
          0.6809973,
          0.19506118,
          0,
          -193.10234,
          186.309,
          53.365337,
          1
        ]
      },
      {
        "date" : 765816558.782873,
        "title" : "Untitled",
        "transform" : [
          0.9999702,
          0,
          0.0077208704,
          0,
          0.0054594795,
          0.7071069,
          -0.70708567,
          0,
          -0.0054594805,
          0.70710677,
          0.7070858,
          0,
          -0.51494974,
          66.695816,
          66.69383,
          1
        ]
      }
    ],
    "55B14C5C-A729-4B50-A004-54E17F799D94" : [
      {
        "date" : 765836252.90601,
        "title" : "Untitled",
        "transform" : [
          0.10531685,
          -1.5365307e-08,
          0.9944387,
          0,
          0.44760442,
          0.8929743,
          -0.047403906,
          0,
          -0.8880082,
          0.45010763,
          0.09404523,
          0,
          -141.42938,
          119.369446,
          4.0755806,
          1
        ]
      },
      {
        "date" : 765836216.628248,
        "title" : "Untitled",
        "transform" : [
          0.59966093,
          -2.0350583e-08,
          0.8002542,
          0,
          0.1569467,
          0.9805797,
          -0.117606126,
          0,
          -0.78471303,
          0.19612107,
          0.58801526,
          0,
          -0.13647461,
          0.024765015,
          0.10142517,
          1
        ]
      },
      {
        "date" : 765836212.456249,
        "title" : "Untitled",
        "transform" : [
          0.5996609,
          -4.8963313e-09,
          0.80025417,
          0,
          0.1569467,
          0.98057973,
          -0.11760614,
          0,
          -0.7847129,
          0.19612099,
          0.58801544,
          0,
          153.99136,
          -109.78258,
          -106.521935,
          1
        ]
      },
      {
        "date" : 765836202.172022,
        "title" : "Untitled",
        "transform" : [
          0.99018025,
          -6.402235e-09,
          0.13979603,
          0,
          -0.040992547,
          0.9560416,
          0.29035172,
          0,
          -0.13365081,
          -0.29323122,
          0.9466535,
          0,
          -15.54653,
          0.9256902,
          -150.43727,
          1
        ]
      },
      {
        "date" : 765836196.393081,
        "title" : "Untitled",
        "transform" : [
          0.99018025,
          -6.402235e-09,
          0.13979603,
          0,
          -0.040992547,
          0.9560416,
          0.29035172,
          0,
          -0.13365081,
          -0.29323122,
          0.9466535,
          0,
          -15.524899,
          1.0862964,
          -150.38448,
          1
        ]
      },
      {
        "date" : 765836180.825019,
        "title" : "Untitled",
        "transform" : [
          0.99018025,
          -6.402235e-09,
          0.13979603,
          0,
          -0.040992547,
          0.9560416,
          0.29035172,
          0,
          -0.13365081,
          -0.29323122,
          0.9466535,
          0,
          -15.524899,
          1.0862964,
          -150.38448,
          1
        ]
      },
      {
        "date" : 765836165.955447,
        "title" : "Untitled",
        "transform" : [
          1,
          0,
          0,
          0,
          0,
          1,
          0,
          0,
          0,
          0,
          1,
          0,
          0,
          1.6,
          2,
          1
        ]
      },
      {
        "date" : 765836158.473078,
        "title" : "Untitled",
        "transform" : [
          0.9976644,
          -1.8937651e-10,
          0.06830615,
          0,
          -0.0031247586,
          0.9989531,
          0.04563953,
          0,
          -0.06823464,
          -0.045746375,
          0.99661994,
          0,
          6.5985336,
          5.9334354,
          -1.6233673,
          1
        ]
      },
      {
        "date" : 765836150.004021,
        "title" : "Untitled",
        "transform" : [
          0.10178189,
          -7.5156406e-09,
          0.9948067,
          0,
          0.626521,
          0.77676404,
          -0.06410134,
          0,
          -0.7727303,
          0.62979156,
          0.07906032,
          0,
          -224.03552,
          216.31683,
          -35.81127,
          1
        ]
      },
      {
        "date" : 765836143.888123,
        "title" : "Untitled",
        "transform" : [
          0.22369662,
          -7.442731e-09,
          0.97465885,
          0,
          0.6060101,
          0.78320277,
          -0.13908696,
          0,
          -0.76335573,
          0.62176615,
          0.17519964,
          0,
          -144.96085,
          147.08156,
          31.288658,
          1
        ]
      }
    ],
    "69BBB27B-153B-4484-B8DD-1B0494324327" : [
      {
        "date" : 765816399.358129,
        "title" : "Untitled",
        "transform" : [
          1,
          0,
          0,
          0,
          0,
          0.7071069,
          -0.70710677,
          0,
          0,
          0.70710677,
          0.7071069,
          0,
          0.18678164,
          4.6491947,
          2.8217301,
          1
        ]
      }
    ],
    "A0C57CFC-65A4-4344-8CD8-33B5835596A9" : [
      {
        "date" : 765742726.904045,
        "title" : "Untitled",
        "transform" : [
          -0.060199745,
          5.195633e-10,
          0.99818635,
          0,
          0.74482054,
          0.66575116,
          0.044919435,
          0,
          -0.6645438,
          0.74617386,
          -0.040078025,
          0,
          -16.098145,
          24.190401,
          -9.138094,
          1
        ]
      },
      {
        "date" : 765742714.604213,
        "title" : "Untitled",
        "transform" : [
          -0.060199745,
          5.195633e-10,
          0.99818635,
          0,
          0.74482054,
          0.66575116,
          0.044919435,
          0,
          -0.6645438,
          0.74617386,
          -0.040078025,
          0,
          -51.26334,
          63.673622,
          -11.258654,
          1
        ]
      },
      {
        "date" : 765742692.988959,
        "title" : "Untitled",
        "transform" : [
          -0.060199745,
          5.195633e-10,
          0.99818635,
          0,
          0.74482054,
          0.66575116,
          0.044919435,
          0,
          -0.6645438,
          0.74617386,
          -0.040078025,
          0,
          -49.69627,
          65.67343,
          -0.010629885,
          1
        ]
      },
      {
        "date" : 765742685.404911,
        "title" : "Untitled",
        "transform" : [
          -0.5324458,
          3.0577785e-10,
          0.8464641,
          0,
          0.5886375,
          0.71861565,
          0.37026674,
          0,
          -0.6082824,
          0.6954075,
          -0.38262385,
          0,
          -49.16702,
          56.9323,
          -32.750126,
          1
        ]
      },
      {
        "date" : 765742681.837555,
        "title" : "Untitled",
        "transform" : [
          0.2566989,
          -2.6613007e-09,
          0.9664914,
          0,
          0.70588535,
          0.68306386,
          -0.18748228,
          0,
          -0.6601754,
          0.73035866,
          0.17534174,
          0,
          -57.12036,
          59.557243,
          8.538028,
          1
        ]
      },
      {
        "date" : 765742676.021916,
        "title" : "Untitled",
        "transform" : [
          0.2566989,
          -2.6613007e-09,
          0.9664914,
          0,
          0.70588535,
          0.68306386,
          -0.18748228,
          0,
          -0.6601754,
          0.73035866,
          0.17534174,
          0,
          -26.827164,
          26.04319,
          0.49204588,
          1
        ]
      },
      {
        "date" : 765742672.95433,
        "title" : "Untitled",
        "transform" : [
          -0.09353286,
          -2.914315e-09,
          0.9956162,
          0,
          0.74201006,
          0.6667549,
          0.069707915,
          0,
          -0.663832,
          0.74527717,
          -0.062363528,
          0,
          -26.957546,
          26.575163,
          -7.9842086,
          1
        ]
      },
      {
        "date" : 765742669.288501,
        "title" : "Untitled",
        "transform" : [
          -0.01596796,
          -2.9078062e-09,
          0.9998725,
          0,
          0.81280845,
          0.58238655,
          0.012980552,
          0,
          -0.5823124,
          0.81291205,
          -0.00929955,
          0,
          -24.050697,
          28.986942,
          -6.092014,
          1
        ]
      },
      {
        "date" : 765742665.554497,
        "title" : "Untitled",
        "transform" : [
          -0.13928007,
          -2.9792098e-09,
          0.99025303,
          0,
          0.85552454,
          0.50358546,
          0.12033038,
          0,
          -0.49867705,
          0.8639454,
          -0.070139445,
          0,
          -21.068417,
          30.806707,
          -8.261463,
          1
        ]
      },
      {
        "date" : 765742654.455206,
        "title" : "Untitled",
        "transform" : [
          0.8833733,
          -1.9024828e-08,
          0.46866998,
          0,
          0.26015195,
          0.83179337,
          -0.49034774,
          0,
          -0.38983655,
          0.5550855,
          0.734784,
          0,
          -8.850578,
          10.733929,
          7.275814,
          1
        ]
      }
    ],
    "D5A3E94F-8D1D-482A-926B-6116172D7167" : [
      {
        "date" : 765939073.766523,
        "title" : "Untitled",
        "transform" : [
          0.21514958,
          1.0641795e-08,
          0.9765811,
          0,
          0.525539,
          0.84285444,
          -0.11578097,
          0,
          -0.82311577,
          0.53814167,
          0.18133979,
          0,
          -86.008316,
          76.53061,
          20.030207,
          1
        ]
      },
      {
        "date" : 765834494.993688,
        "title" : "Untitled",
        "transform" : [
          0.97923785,
          -1.5129402e-09,
          -0.20271401,
          0,
          0.03276059,
          0.98685473,
          0.1582545,
          0,
          0.20004931,
          -0.16160986,
          0.9663655,
          0,
          -22.657501,
          20.335768,
          11.119293,
          1
        ]
      },
      {
        "date" : 765821378.98023,
        "title" : "Untitled",
        "transform" : [
          0.99987674,
          -4.384182e-11,
          0.015698954,
          0,
          -0.0032137702,
          0.9788222,
          0.20468715,
          0,
          -0.015366484,
          -0.20471238,
          0.97870153,
          0,
          1.7636862,
          25.28672,
          6.2897263,
          1
        ]
      },
      {
        "date" : 765820349.845205,
        "title" : "Untitled",
        "transform" : [
          0.20122838,
          4.140673e-08,
          0.9795442,
          0,
          0.3956477,
          0.9147987,
          -0.08127823,
          0,
          -0.89608574,
          0.40391052,
          0.18408328,
          0,
          -168.87085,
          148.3072,
          19.20398,
          1
        ]
      },
      {
        "date" : 765820027.847327,
        "title" : "Untitled",
        "transform" : [
          0.3039441,
          3.383286e-08,
          0.9526898,
          0,
          0.791735,
          0.55619437,
          -0.2525935,
          0,
          -0.52988034,
          0.83105254,
          0.16905174,
          0,
          -74.22331,
          211.05096,
          6.3146515,
          1
        ]
      },
      {
        "date" : 765820018.51292,
        "title" : "Untitled",
        "transform" : [
          0.3039441,
          3.383286e-08,
          0.9526898,
          0,
          0.791735,
          0.55619437,
          -0.2525935,
          0,
          -0.5298803,
          0.8310524,
          0.16905172,
          0,
          -62.440807,
          217.77408,
          10.195328,
          1
        ]
      },
      {
        "date" : 765820008.977588,
        "title" : "Untitled",
        "transform" : [
          0.067723095,
          5.149854e-08,
          0.99770415,
          0,
          0.91346985,
          0.40215427,
          -0.06200537,
          0,
          -0.40123063,
          0.91557205,
          0.027234932,
          0,
          -84.6311,
          292.7177,
          -86.95359,
          1
        ]
      },
      {
        "date" : 765820005.945576,
        "title" : "Untitled",
        "transform" : [
          0.65065044,
          5.2061395e-08,
          0.7593774,
          0,
          0.57784355,
          0.6488177,
          -0.49510843,
          0,
          -0.49269742,
          0.76094407,
          0.4221532,
          0,
          -250.36255,
          254.56331,
          69.02345,
          1
        ]
      },
      {
        "date" : 765819999.758675,
        "title" : "Untitled",
        "transform" : [
          0.65065044,
          5.2061395e-08,
          0.7593774,
          0,
          0.57784355,
          0.6488177,
          -0.49510843,
          0,
          -0.49269742,
          0.76094407,
          0.4221532,
          0,
          -236.40726,
          232.63773,
          124.83232,
          1
        ]
      },
      {
        "date" : 765819998.195695,
        "title" : "Untitled",
        "transform" : [
          0.65065044,
          5.2061395e-08,
          0.7593774,
          0,
          0.57784355,
          0.6488177,
          -0.49510843,
          0,
          -0.49269742,
          0.76094407,
          0.4221532,
          0,
          -222.2121,
          246.31953,
          116.7377,
          1
        ]
      }
    ]
  },
  "sceneViewportBackgroundColors" : {

  },
  "selectedSceneRelativePath" : "Cafe-2.usdc"
}